01001
01004
01010
01028
01152
01241
01384
01400
01415
01492
02185
02313
02365
02527
02591
02607
02836
02935
02963
03005
03026
03130
03213
03238
03354
03377
03496
03501
03502
03590
03649
03693
03743
03808
03814
03882
03918
03953
04018
04089
04202
04220
04221
04231
04270
04320
04339
04360
04417
06011
06060
06181
06210
06242
06235
06260
06290
06350
06400
06447
06458
06476
06496
06610
06630
07110
07145
07180
07481
07510
07645
07761
08001
08023
08160
08190
08221
08301
08302
08430
08495
08508
08522
08579
08594
10035
10113
10184
10200
10238
10304
10393
10410
10437
10468
10469
10548
10618
10739
10771
10828
10868
10954
10962
11010
11030
11035
11120
11165
11240
11520
11722
11747
11952
12120
12374
12425
12843
12982
13275
13388
13615
14015
14240
14370
14430
14445
15120
15420
15480
15614
16044
16045
16080
16113
16144
16245
16320
16429
16546
16560
16622
16716
16754
17030
17062
17064
17095
17130
17196
17220
17240
17280
17281
17351
17352
17516
17600
17601
17607
17609
20046
20107
20292
20674
20744
20891
20892
21432
21504
21647
21824
21946
21982
22008
22113
22217
22271
22522
22543
22550
22820
22845
23022
23078
23205
23330
23415
23418
23472
23552
23802
23804
23884
23921
23933
23955
24122
24125
24266
24343
24507
24641
24688
24726
24817
24908
24944
24947
24959
25123
25173
25399
25400
25403
25428
25563
25677
25703
25913
25954
26038
26063
26075
26258
26298
26422
26477
26629
26702
26781
26850
27003
27037
27038
27199
27459
27594
27595
27612
27713
27707
27730
27944
27962
27995
28225
28275
28445
28661
28698
28722
28951
28952
29231
29263
29282
29572
29612
29634
29698
29839
29862
30054
30230
30309
30372
30521
30554
30635
30673
30692
30715
30758
30935
30965
31004
31088
31168
31300
31329
31369
31510
31538
31736
31770
31873
31909
31977
32061
32098
32150
32165
32186
32215
32389
32477
32540
32618
33008
33041
33317
33345
33393
33631
33658
33791
33815
33837
33946
34009
34122
34172
34247
34300
34467
34560
34731
34858
34880
34882
34924
35121
35229
35394
35671
35700
36003
36096
36870
36872
37011
37018
37054
37055
37259
37260
37549
37735
37747
37789
37860
37864
37936
37985
38064
38264
38341
38353
38396
38457
38507
38606
38611
38683
38696
38812
38836
38880
38927
38954
38989
40007
40080
40100
40179
40186
40265
40290
40373
40375
40394
40417
40430
40437
40582
40608
40642
40650
40676
40689
40706
40745
40754
40766
40800
40809
40811
40841
40848
40856
40875
40911
40938
40948
40990
41024
41112
41170
41217
41256
41316
41404
41443
41480
41494
41506
41515
41516
41517
41529
41530
41532
41560
41571
41593
41594
41598
41620
41624
41630
41640
41661
41675
41678
41685
41696
41710
41712
41715
41718
41739
41744
41749
41756
41764
41768
41780
41859
41883
41891
41907
41923
41936
41943
41950
41977
41992
42027
42042
42071
42101
42103
42111
42123
42165
42170
42182
42189
42260
42273
42299
42314
42328
42339
42348
42361
42367
42369
42379
42397
42398
42410
42416
42435
42452
42475
42492
42498
42539
42542
42591
42623
42634
42647
42667
42675
42701
42724
42734
42779
42798
42809
42840
42867
42874
42886
42895
42909
42971
43003
43014
43041
43049
43063
43110
43128
43150
43185
43192
43194
43201
43237
43279
43284
43285
43295
43311
43333
43344
43346
43353
43368
43369
43371
43373
43413
43418
43424
43466
43497
43555
43599
44212
44231
44259
44277
44288
44292
44373
44385
44454
45004
47041
47058
47090
47101
47102
47103
47104
47107
47110
47111
47118
47120
47122
47127
47128
47134
47138
47142
47153
47158
47161
47167
47169
47185
47186
47401
47412
47418
47420
47580
47582
47590
47600
47646
47678
47681
47741
47744
47764
47778
47807
47827
47881
47909
47918
47936
47938
47945
47971
47981
47991
48008
48024
48053
48060
48062
48071
48078
48080
48094
48097
48108
48109
48110
48112
48327
48354
48378
48407
48431
48453
48455
48477
48480
48500
48551
48565
48568
48601
48602
48615
48620
48647
48648
48650
48657
48698
48811
48820
48839
48845
48855
48870
48877
48887
48900
48914
48966
48985
50527
50557
50774
50953
51076
51156
51431
51463
51644
51709
51777
51828
51839
52203
52267
52323
52418
52533
52681
52818
52836
52866
52889
52983
53068
53463
53513
53614
53772
53845
53915
54102
54135
54161
54218
54292
54337
54342
54374
54497
54511
54662
54727
54823
54857
55299
55591
56029
56080
56137
56146
56187
56294
56571
56691
56739
56778
56964
56985
57036
57067
57083
57127
57131
57178
57447
57461
57494
57516
57679
57749
57816
57957
57972
57993
58027
58150
58203
58238
58362
58424
58457
58606
58633
58665
58725
58847
58968
59134
59211
59265
59280
59316
59431
59663
59644
59758
59948
59981
60018
60020
60096
60115
60150
60155
60191
60252
60360
60390
60419
60490
60549
60559
60566
60571
60590
60620
60630
60656
60680
60686
60714
60715
60720
60725
60735
60738
60740
60745
60750
60760
60769
60775
60780
60788
61017
61024
61043
61052
61075
61080
61085
61090
61202
61214
61223
61226
61233
61257
61265
61272
61291
61401
61404
61415
61421
61442
61497
61498
61600
61641
61687
61695
61701
61731
61831
61856
61891
61901
61902
61931
61967
61968
61972
61974
61976
61980
61986
61988
61995
61996
61998
62010
62019
62053
62103
62124
62306
62318
62337
62378
62387
62403
62414
62417
62420
62423
62432
62435
62459
62463
62600
62640
62641
62650
62721
62730
62760
62771
62805
62840
62880
62941
63021
63125
63450
63612
63619
63624
63641
63661
63671
63686
63695
63708
63710
63714
63717
63720
63723
63729
63733
63737
63741
63756
63766
63791
63793
63799
63801
63816
63820
63832
63844
63862
63866
63870
63887
63894
63932
63962
63971
63985
64210
64387
64390
64400
64401
64450
64453
64458
64459
64500
64501
64510
64565
64600
64601
64610
64650
64654
64656
64665
64700
64750
64860
64870
64893
64900
64910
64931
64950
65046
65082
65123
65167
65201
65202
65257
65271
65306
65330
65344
65387
65416
65418
65437
65442
65467
65472
65503
65510
65548
65578
66152
66160
66215
66310
66318
66410
66447
67002
67004
67005
67009
67019
67025
67027
67083
67095
67117
67137
67152
67161
67197
67215
67217
67237
67261
67283
67323
67341
67423
67475
67485
67489
67581
67584
67586
67597
67633
67666
67693
67761
67765
67774
67781
67843
67853
67861
67867
67869
67881
67964
67975
67977
67991
68038
68098
68110
68174
68240
68263
68312
68328
68424
68442
68461
68512
68538
68588
68592
68816
68842
68906
68994
68999
69015
69016
69110
70026
70027
70133
70197
70200
70219
70231
70252
70261
70266
70268
70273
70308
70316
70326
70350
70361
70398
70414
71043
71069
71072
71081
71082
71109
71115
71119
71120
71121
71126
71136
71145
71203
71396
71561
71600
71603
71627
71701
71704
71716
71721
71722
71764
71801
71802
71811
71815
71816
71819
71823
71836
71843
71845
71853
71861
71866
71867
71869
71874
71876
71877
71892
71906
71907
71908
71909
71913
71915
71917
71924
71925
71926
71934
71945
71953
71957
71964
72201
72202
72206
72208
72209
72210
72214
72215
72221
72224
72225
72230
72233
72235
72239
72240
72247
72248
72249
72250
72251
72257
72261
72265
72268
72269
72273
72274
72280
72291
72293
72303
72305
72317
72318
72327
72340
72355
72357
72363
72364
72365
72376
72381
72387
72388
72391
72393
72402
72403
72424
72426
72440
72451
72455
72456
72468
72469
72476
72481
72489
72493
72501
72514
72518
72519
72520
72528
72533
72558
72562
72572
72582
72597
72626
72632
72634
72645
72649
72659
72662
72672
72681
72694
72712
72747
72764
72768
72776
72786
72797
73033
74001
74002
74004
74005
74006
74341
74357
74389
74431
74433
74437
74440
74445
74449
74455
74466
74468
74494
74530
74533
74541
74542
74546
74547
74550
74551
74556
74560
74604
74606
74612
74626
74629
74635
74640
74641
74646
74647
74648
74649
74650
74651
74662
74718
74731
74735
74750
74752
74753
74755
74769
74780
74794
74796
76151
76225
76256
76361
76393
76394
76405
76458
76526
76595
76612
76644
76654
76679
76692
76723
76743
76805
76903
78016
78073
78083
78086
78355
78367
78384
78397
78486
78526
78535
78583
78641
78718
78720
78741
78762
78793
78806
78807
78808
78861
78866
78894
78897
78925
78954
78970
78988
80001
80028
80035
80094
80140
80222
80259
80241
80371
80398
80403
80407
80410
80413
80415
80419
80420
80421
80422
80425
80426
80435
80444
80447
80448
80450
80453
80457
80462
80476
81202
81209
81225
81250
81251
81253
81401
81405
81408
81415
81729
82022
82099
82026
82107
82193
82244
82280
82281
82332
82397
82400
82411
82532
82599
82678
82705
82765
82824
82900
82917
82965
82983
83208
83229
83288
83362
83378
83498
83525
83554
83566
83583
83612
83649
83650
83660
83746
83768
83779
83780
83827
83840
83899
83928
83937
83971
84008
84203
84370
84378
84401
84416
84629
85394
84628
84629
85201
85442
85469
85543
85577
85586
85799
85934
86068
86218
87047
87155
87344
87418
87576
87623
87715
87860
88889
89002
89009
89022
89050
89055
89062
89512
89532
89542
89564
89571
89592
89611
89642
89662
89664
91165
91182
91190
91212
91285
91293
91334
91348
91364
91366
91376
91408
91413
91492
91517
91532
91557
91577
91582
91592
91610
91643
91680
91701
91762
91765
91792
91801
91843
91925
91938
91943
91945
91948
91954
91958
91997
92035
92044
93072
93112
93291
93308
93417
93431
93614
93769
93844
93986
93997
94120
94150
94170
94203
94212
94238
94287
94294
94299
94300
94302
94312
94326
94332
94346
94367
94374
94403
94430
94461
94510
94578
94610
94637
94638
94647
94653
94659
94672
94693
94711
94750
94767
94776
94791
94802
94821
94866
94867
94907
94910
94926
94968
94975
94995
94996
94998
95527
96009
96011
96015
96035
96073
96075
96091
96109
96145
96147
96163
96171
96179
96195
96207
96221
96237
96249
96253
96295
96315
96323
96413
96441
96471
96481
96491
96509
96529
96535
96565
96581
96595
96607
96633
96645
96655
96685
96737
96739
96749
96781
96791
96797
96801
96805
96839
96925
96935
96973
96987
96996
97008
97014
97028
97048
97072
97086
97096
97120
97146
97180
97192
97230
97240
97260
97270
97300
97340
97372
97385
97388
97430
97460
97502
97530
97560
97600
97686
97690
97724
97748
97760
97810
97876
97900
97980
98135
98223
98328
98433
98444
98618
98630
98646
98653
98747
98753
98836
